 -1.0
  0.87091143263996D+01  0.24879435234331D+00  0.76310933840722D-01 -0.39304532393759D-06 -0.56853325233482D-06  0.69120139513980D-06
  0.85636452710348D+01  0.20189148782160D+01  0.21059448964171D+01  0.10840904798744D-05  0.60397925305876D-06 -0.22534188765348D-06
  0.61347737804378D+01  0.83804569970230D+00  0.22652739048258D+01  0.17803346167062D-05 -0.67390205827510D-06  0.91920984015709D-06
  0.70231721081344D+01 -0.15841085465421D+01  0.95438819570772D+00  0.82241694022556D-06 -0.35205462826676D-07 -0.91040848525613D-06
  0.49689851181402D+01 -0.30180290789098D+01 -0.53729898482611D-01  0.36308270523249D-07  0.26941589923557D-06  0.25794644731027D-06
  0.28614061715544D+01 -0.14219054677004D+01  0.43919808195056D+00 -0.92912458587506D-06 -0.68848190884224D-06 -0.76768561940230D-06
  0.36188094980520D+01  0.10816367075867D+01  0.16842932639959D+01 -0.23325690009626D-05 -0.45855155868756D-06 -0.37613880851069D-06
  0.12078002373730D+01  0.23440618243787D+01  0.18657223729619D+01 -0.13781892637526D-05  0.12894226909522D-05  0.14573028404586D-06
 -0.44169916759849D+00  0.66207957625651D+00  0.81481342034945D+00  0.23313676324745D-06 -0.24579070516894D-06  0.73326649259717D-07
  0.39970030477251D+00 -0.13413847502675D+01  0.17637735790339D-01  0.35428908529320D-06 -0.17578469036647D-06  0.25258369168662D-07
 -0.32308707231374D+01  0.13685941632184D+01  0.76684053133285D+00  0.30090610938027D-06  0.13028615828003D-07 -0.55245788355828D-07
 -0.47045890763594D+01  0.37746043533165D+01  0.13577187173616D+01 -0.95773411927128D-07 -0.27066064990734D-06  0.11058756888769D-06
 -0.50518085106340D+01 -0.39037804864649D+00 -0.21158119073012D+00  0.15067524614448D-06  0.14942254075489D-06 -0.20859360950162D-07
 -0.72317419757013D+01  0.94026745149981D+00 -0.29714866879377D+00  0.19550644544491D-07 -0.53807370887991D-07  0.15921418672098D-06
 -0.70067966831095D+01  0.30611048508058D+01  0.61006919116507D+00  0.13122860355345D-06  0.87359355580378D-07 -0.19847295159806D-06
 -0.82945041626093D+01  0.15756005866761D+00 -0.28704836816418D+01  0.14491975803522D-06 -0.46238031045875D-07  0.10513470645965D-06
 -0.98276059900319D+01 -0.19885734259660D+00 -0.47295255721515D+00 -0.30304957146387D-07  0.33761435019730D-07  0.49819943105978D-08
 -0.72951732395417D+01  0.55335716506782D+00 -0.53322668867090D+01 -0.18402919877261D-07  0.24063476253952D-07  0.50137896013769D-07
