           1           2   1.59320959879072     
           1           3  0.269239130206540     
           2           3   1.08022079895751     
           1           4  0.174515168412610     
           3           4   1.64098691146759     
           4           5   1.26663433809847     
           5           6   1.11984824115143     
           6           7   2.16153276100645     
           7           8   1.06644549688975     
           8           9   1.08394981779398     
           8          10  0.145008667675186     
           9          10   1.76934518437141     
           9          11  0.944864555910660     
          11          12   1.80551543401579     
          11          13  0.942150578458986     
          13          14   1.12632189600033     
          13          15  0.169142346651042     
          14          15   1.75303325719401     
          14          16  0.880355873445045     
          15          17  0.106525618876365     
          16          17   1.48184623087812     
          16          18   1.35121327363514     
          17          18  0.332778780429446     
