Run semi-empirical minimization
 &qmmm
    qm_theory='AM1', grms_tol=0.0005,
 scfconv=1.d-10, ndiis_attempts=700,   qmcharge=0,
 /
   8     O        0.7680       -0.7400        0.3280 
   6     C        0.5720       -1.3160       -0.9540 
   6    C1        1.4960       -1.0470       -2.1650 
   8    O1        2.8900       -0.8440       -2.1980 
   6    C2        3.3250        0.1140       -1.2480 
   6    C3        2.6830        1.4470       -1.2150 
   8    O2        1.2970        1.7000       -1.7960 
   6    C4        0.2430        1.2150       -2.7010 
   6    C5        0.7800        1.3840       -4.0520 
   8    O3        2.1000        1.7590       -4.3430 
   6    C6        2.5060        2.9610       -3.6530 
   6    C7        1.4070        4.4810       -3.0170 
   8    O4        0.1150        4.7520       -3.3330 
   6    C8        0.0620        4.1260       -4.5260 
   6    C9        1.0400        4.5550       -5.5750 
   8    O5        2.6210        4.4600       -5.2480 
   6   C10        3.4300        5.0540       -3.8620 
   6   C11        2.8410        6.5720       -4.1330 
   6   C12        3.4280        4.4070       -2.0160 
   8    O6        4.5180        4.1780       -1.2950 
   8    O7        2.1250        3.7450       -1.3730 
   6   C13        0.5760        3.3520       -0.4910 
   6   C14        0.3790        1.9540        0.2070 
   6   C15        0.8440        4.3680        0.4530 
   8    O8       -0.0310        5.0480        0.9790 
   8    O9        2.1770        4.3220        0.6330 
   6   C16        2.8380        5.1230        1.5540 
   6   C17        2.4160        6.5460        1.3930 
   6   C18        2.5030        4.3740        2.7970 
   8   O10        3.3690        3.8120        3.4500 
   8   O11        1.1630        4.2860        2.9930 
   6   C19        0.6210        3.5970        4.1120 
   6   C20        1.0220        2.1390        4.1470 
   6   C21        0.9650        4.3600        5.3720 
   8   O12        0.1200        4.8360        6.1180 
   8   O13        2.3030        4.4760        5.5450 
   6   C22        2.8240        5.2200        6.6460 
   6   C23        2.3950        6.6750        6.5770 
   6   C24        2.4160        4.5560        7.9420 
   8   O14        3.2160        4.1120        8.7610 
   1     H        1.6600       -0.4070        0.4530 
   1    H1        0.6530       -2.3680       -0.8170 
   1    H2       -0.4700       -1.0180       -1.1950 
   1    H3        1.0410       -1.2980       -3.1420 
   1    H4        1.3630       -0.0550       -2.1490 
   1    H5        3.1940       -0.2900       -0.2650 
   1    H6        4.3920        0.3080       -1.3710 
   1    H7        2.8100        1.9750       -0.2330 
   1    H8        3.5000        2.0840       -1.5860 
   1    H9       -0.2090        0.2250       -2.7880 
   1   H10       -0.7370        1.6790       -2.3920 
   1   H11        0.2840        1.0870       -4.9620 
   1   H12        0.2820        2.2520       -3.7760 
   1   H13        2.5690        2.4730       -2.7930 
   1   H14        3.6590        2.9300       -3.6380 
   1   H15        1.5110        5.1660       -2.0910 
   1   H16        1.8890        5.3840       -3.1240 
   1   H17        0.7630        3.3650       -4.5320 
   1   H18       -0.8880        3.5910       -4.4660 
   1   H19        0.8160        3.7850       -6.3500 
   1   H20        0.7550        5.5630       -5.7730 
   1   H21        4.4810        4.9420       -4.2080 
   1   H22        1.7110        6.6050       -4.2080 
   1   H23        3.0260        7.1630       -3.2460 
   1   H24        3.0410        6.9750       -5.1230 
   1   H25       -0.2980        3.5740       -1.1350 
   1   H26        1.3130        1.5560        0.5800 
   1   H27       -0.4830        1.6920        0.8090 
   1   H28        0.0840        1.2020       -0.5160 
   1   H29        3.9130        5.0130        1.3690 
   1   H30        1.3330        6.6600        1.3720 
   1   H31        2.7950        7.1210        2.2260 
   1   H32        2.7660        6.9360        0.4290 
   1   H33       -0.4740        3.6400        4.0140 
   1   H34        2.1060        2.0230        4.1530 
   1   H35        0.6340        1.6520        5.0440 
   1   H36        0.6560        1.6140        3.2580 
   1   H37        3.9200        5.1780        6.5780 
   1   H38        1.3080        6.7760        6.5790 
   1   H39        2.7730        7.2370        7.4330 
   1   H40        2.7480        7.1370        5.6490 
   1   H41        1.3330        4.4770        8.1200 

